[0.3,0.55,0.8,0.55,0.55,0.55,0.5,0.7,0.25,0.45,0.75,0.5,0.65,0.2,0.2,0.2,0.05,0.05]
[0.35,0.5,0.4,0.45,0.45,0.55,0.55,0.35,0.55,0.4,0.4,0.35,0.45,0.35,0.45,0.25,0.25,0.4]
[0.4,0.5,0.65,0.3,0.475,0.3,0.5,0.5,0.6,0.55,0.55,0.5,0.65,0.35,0.7,0.55,0.5,0.7]
[0.4,0.5,0.35,0.5,0.4,0.3,0.2,0.3,0.4,0.0,0.0,0.0,0.05,0.1,0.05,0.1,0.15,0.0]
[0.45,0.5,0.4,0.6,0.45,0.45,0.35,0.5,0.55,0.55,0.5,0.5,0.7,0.75,0.3,0.3,0.5,0.55]
[0.55,0.55,0.6,0.45,0.45,0.65,0.5,0.25,0.35,0.35,0.6,0.45,0.35,0.4,0.7,0.45,0.65,0.5]
[0.3, 0.15, 0.3, 0.4, 0.4, 0.35, 0.4, 0.3, 0.4, 0.45, 0.3, 0.45, 0.5, 0.55, 0.5, 0.75, 0.45, 0.8]
[0.6,0.15,0.0,0.15,0.05,0.2,0.15,0.0,0.05,0.05,0.1,0.1,0.0,0.3,0.2,0.15,0.25,0.25]
[0.35,0.45,0.5,0.7,0.45,0.5,0.5,0.75,0.55,0.55,0.6,0.5,0.45,0.7,0.3,0.45,0.5,0.4]
[0.35,0.5,0.4,0.75,0.4,0.75,0.55,0.4,0.3,0.5,0.4,0.75,0.45,0.55,0.5,0.55,0.7,0.6]
[0.6,0.55,0.15,0.2,0.05,0.05,0.1,0.225,0.2,0.1,0.05,0.05,0.15,0.1,0.15,0.15,0.1,0.55]
[0.55,0.45,0.4,0.3,0.3,0.45,0.5,0.5,0.75,0.8,0.45,0.65,0.65]
[0.35,0.3,0.45,0.35,0.4,0.5,0.45,0.6,0.4,0.45,0.4,0.6,0.4]
[0.75,0.6,0.7,0.775,0.85,0.85,0.9,0.8,0.95,0.7,0.9,0.8,0.75,0.75]
[0.4,0.65,0.7,0.7,0.7,0.75,0.5,0.5,0.65,0.65,0.7,0.75,0.75]
[0.45,0.45,0.3,0.45,0.6,0.05,0.15,0.05,0.25,0.4,0.2,0.1,0.3,0.35,0.35,0.45,0.45,0.25,0.4,0.15]
[0.5,0.5,0.55,0.35,0.35,0.55,0.0,0.05,0.0,0.05,0.15,0.15,0.05]
[0.6,0.45,0.5,0.4,0.5,0.5,0.6,0.35,0.6,0.35,0.45,0.45,0.55]
[0.5,0.3,0.3,0.55,0.25,0.75,0.55,0.35,0.5,0.35,0.65,0.2,0.35,0.5]
[0.4,0.35,0.55,0.3,0.55,0.7,0.5,0.55,0.45,0.5,0.45,0.6]
[0.4,0.65,0.7,0.75,0.5,0.7,0.65,0.6,0.45,0.7,0.7,0.6,0.7,0.35,0.75]
[0.55,0.5,0.5,0.55,0.35,0.4,0.3,0.4,0.55,0.2,0.45,0.4,0.2]
[0.55,0.45,0.25,0.95,1.0,1.0,1.0,1.0,1.0,0.7,0.7,0.75,0.55,0.75,0.55]
[0.6,0.45,0.6,0.45,0.5,0.5,0.4,0.5,0.5,0.6,0.45,0.5,0.45,0.55,0.45,0.45]
[0.45,0.3,0.4,0.5,0.3,0.4,0.55,0.55,0.65,0.25,0.4,0.35,0.45,0.6,0.6,0.7,0.6,0.6,0.95,0.9]
[0.6,0.7,0.75,0.7,0.75,0.75,0.95,0.75,0.85,0.75,0.8,0.8,0.9]
[0.45,0.35,0.45,0.4,0.4,0.5,0.4,0.45,0.25,0.5,0.35,0.55,0.5,0.425,0.6]
[0.45,0.45,0.25,0.4,0.2,0.1,0.2,0.35,0.4,0.25,0.25,0.45,0.75,0.7,0.8,1.0,0.7,0.7,0.75,0.85,0.9,0.9,0.7,0.7,0.75]
[0.25,0.4,0.15,0.4,0.4,0.35,0.4,0.2,0.25,0.75,0.7,0.85,0.75,0.55,0.7,0.75,0.65,0.75,0.75,0.8,0.7,0.75,0.9,0.7,0.75,0.7,0.65,0.9,0.9,0.65,1.0,1.0,0.85,1.0,1.0,0.95,0.95,0.3,0.45,0.5]
[0.6,0.5,0.6,0.6,0.3,0.3,0.45,0.6,0.6,0.85,0.85,0.65,0.7,0.65,0.8,0.6,0.65,0.5,0.55,0.625]
[0.8,0.5,0.5,0.8,0.55,0.65,0.55,0.7,0.75,0.55,0.65,0.6,0.6]
[0.45,0.45,0.4,0.15,0.35,0.85,0.7,0.45,0.6,0.7,0.7,0.5,0.65,0.6]
[0.45,0.5,0.4,0.8,0.55,0.65,0.75,0.95,0.8,0.7,0.85,0.6,0.65,0.85,0.8,0.8]
[0.55,0.55,0.5,0.4,0.25,0.8,0.75,0.8,0.7,0.9,0.8,0.7,0.75]
[0.55,0.35,0.4,0.7,0.45,0.35,0.45,0.5,0.4,0.55,0.5,0.45,0.7,0.45,0.15,0.3,0.4,0.45,0.45,0.35,0.3,0.45,0.25,0.4,0.25]
[0.35,0.4,0.75,0.3,0.3,0.45,0.8,0.75,0.75,0.85,0.7,0.7,0.8,0.8,0.8,0.5]
[0.5,0.8,0.75,0.85,0.9,0.95,0.9,0.9,0.85,0.8,1.0,0.85,0.95,0.85]
[0.7,0.8,0.8,0.65,0.7,0.75,0.8,0.5,0.75,0.7,0.75,0.65,0.8,0.75,0.8]
[0.6,0.5,0.4,0.5,0.7,0.6,0.5,0.5,0.75,0.6,0.55,0.7,0.6,0.65,0.6,0.6,0.7,0.85,0.75,0.4]
[0.65,0.5,0.5,0.55,0.45,0.55,0.6,0.55,0.55,0.7,0.25,0.75,0.6,0.5,0.75,0.6,0.5,0.5,0.5,0.5,0.45,0.4,0.45,0.65,0.55,0.65,0.4,0.25,0.55,0.3,0.1,0.1,0.15,0.25,0.45,0.35,0.35,0.2,0.25,0.35]
[0.5,0.55,0.8,0.55,0.6,0.65,0.7,0.7,0.8,0.75,0.7,0.9,0.9,0.7]
[0.55,0.8,0.5,0.6,0.55,0.8,0.65,0.6,0.9,0.7,0.7,0.65]
[0.45,0.5,0.6,0.65,0.5,0.6,0.4,0.9,1.0,0.85,0.875,0.9,0.9,0.85,0.95,0.85,0.95,0.95,1.0,0.95,1.0,0.8,1.0,1.0,0.925,0.9,0.85,0.85,0.85,0.9,0.7,0.8,0.75,0.9,0.6,0.6,0.65]
[0.6,0.4,0.5,0.6,0.4,0.5,0.5,0.65,0.35,0.5,0.5,0.4,0.55]
[0.45,0.6,0.7,0.45,0.35,0.45,0.15,0.35,0.7,0.8,0.7,0.725,0.85,0.75,0.75,0.95]
[0.7,0.8,0.35,0.45,0.6,0.45,0.55,0.5,0.55,0.7,0.65,0.5,0.7,0.7,0.6,0.7,0.85,0.5,0.65,0.7]
[0.9,0.5,0.8,0.4,0.6,0.65,0.55,0.45,0.55,0.5,0.7,0.55,0.65,0.55,0.55,0.65,0.75,0.6,0.75,0.65,0.65,0.7,0.65,0.8,0.7,0.75,0.55,0.5,0.65,0.55,0.6,0.7,0.7,0.85,0.75,0.9,0.45,0.75]
[0.6,0.6,0.7,0.65,0.7,0.45,0.55,0.5,0.65,0.15,0.65,0.6,0.7]
[0.25,0.4,0.5,1.0,1.0,1.0,1.0,1.0,0.45,0.3,0.2,0.5,0.25]
[0.25,0.5,0.5,0.6,0.25,0.35,0.0,0.4,0.2,0.4,0.25,0.25,0.3,0.25,0.4,0.25,0.15,0.25,0.15,0.25,0.25,0.25,0.3,0.35,0.45,0.3,0.4,0.6,0.25,0.3,0.4,0.6,0.35,0.15,0.3,0.25,0.35,0.25,0.45]
[0.6,0.35,0.6,0.95,0.7,0.95,0.7,0.5,0.7,0.7,0.725,0.8,0.525,0.475,0.35]
[0.4,0.5,0.5,0.5,0.65,0.575,0.65,0.75,0.55,0.5,0.65,0.25]
[0.55,0.65,0.4,0.75,0.55,0.45,0.75,0.45,0.6,0.6,0.4,0.4,0.55,0.6,0.45,0.7,0.55,0.6,0.7]
[0.45,0.5,0.35,0.45,0.4,0.6,0.4,0.55,0.35,0.2,0.3,0.2,0.5,0.65,0.6,0.55]
[0.6,0.35,0.5,0.65,0.35,0.05,0.45,0.1,0.15,0.05,0.1,0.15,0.15]
[0.4,0.5,0.4,0.55,0.5,0.6,0.55,0.4,0.5,0.45,0.4,0.55,0.65]
[0.7,0.35,0.4,0.45,0.5,0.5,0.5,0.3,0.3,0.45,0.35,0.3,0.3,0.45,0.3,0.45,0.4,0.5,0.2,0.2,0.75,0.7,0.65,0.45,0.8,0.7,0.7,0.45,0.4,0.75,0.5,0.6,0.55,0.5,0.35,0.55,0.55,0.65,0.55]
[0.35,0.55,0.5,0.5,0.75,0.55,0.5,0.4,0.35,0.8,0.55,0.55,0.5,0.55]
[0.35,0.4,0.5,0.45,0.45,0.45,0.375,0.4,0.375,0.25,0.3,0.3,0.5,0.35,0.4,0.55]
[0.6,0.5,0.65,0.45,0.55,0.55,0.8,0.7,0.7,0.4,0.35,0.55,0.5,0.3,0.4,0.3]
[0.3,0.4,0.15,0.45,0.7,0.4,0.55,0.6,0.6,0.4,0.55,0.5,0.65,0.45,0.6,0.45,0.4,0.3,0.3,0.55,0.7,0.6,0.6,0.5,0.75,0.6,0.45,0.7,0.75,0.65,0.7,0.8,0.65,0.6,0.7,0.7,0.65,0.7,0.6]
[0.35, 0.6, 0.65, 0.55, 0.65, 0.65, 0.5, 0.6, 0.6, 0.6, 0.7, 0.6, 0.45, 0.65, 0.5, 0.7, 0.55, 0.6, 0.8, 0.85]
[0.5, 0.65, 0.9, 0.55, 0.75, 0.65, 0.6, 0.8, 1.0, 0.775, 0.9, 0.9, 0.925]
[0.7, 0.7, 0.35, 0.65, 0.2, 0.3, 0.475, 0.425, 0.65, 0.0, 0.15, 0.15, 0.15]
[0.45, 0.5, 0.5, 0.65, 0.5, 0.45, 0.425, 0.8, 0.625, 0.65, 0.525, 0.8, 0.55]
[0.65, 0.35, 0.5, 0.7, 0.45, 0.65, 0.5, 0.15, 0.75, 0.45, 0.95, 0.9, 0.95, 0.95, 0.95, 0.95, 1.0, 1.0, 0.95, 0.85, 1.0, 1.0, 1.0, 0.95, 1.0, 1.0]
[0.45, 0.3, 0.1, 0.2, 0.15, 0.35, 0.4, 0.6, 0.5, 0.4, 0.6, 0.4, 0.5, 0.45, 0.55, 0.6, 0.5, 0.6, 0.55, 0.45]
[0.55, 0.2, 0.5, 0.45, 0.35, 0.4, 0.3, 0.425, 0.45, 0.2, 0.475, 0.4, 0.325, 0.4]
[0.55, 0.3, 0.7, 0.45, 0.35, 0.5, 0.35, 0.45, 0.3, 0.35, 0.55, 0.4, 0.45, 0.3, 0.5]
[0.4, 0.3, 0.45, 0.4, 0.6, 0.2, 0.6, 1.0, 1.0, 0.95, 0.9, 0.95, 1.0]
[0.8, 0.85, 0.9, 0.85, 0.85, 0.7, 0.75, 0.9, 0.7, 0.95, 0.85, 0.7, 0.65, 0.6, 0.65, 0.45, 0.65]
[0.5, 0.5, 0.6, 0.55, 0.7, 0.6, 0.7, 0.7, 0.9, 0.5, 0.75, 0.8, 0.65, 0.35, 0.25, 0.3, 0.45, 0.55, 0.25, 0.45]
[0.2, 0.6, 0.3, 0.6, 0.35, 0.5, 0.5, 0.85, 0.5, 0.55, 0.7, 0.6, 0.4, 0.45, 0.5, 0.4, 0.8, 0.8, 0.75, 0.8]
[0.45, 0.3, 0.4, 0.8, 0.7, 0.7, 0.75, 0.55, 0.7, 0.7, 0.65, 0.5, 0.7]
[0.55, 0.7, 0.55, 0.5, 0.55, 0.55, 0.675, 0.85, 0.675, 0.45, 0.45, 0.5, 0.6, 0.5]
[0.2, 0.45, 0.25, 0.25, 0.3, 0.4, 0.45, 0.6, 0.25, 0.25, 0.25, 0.25, 0.3, 0.35, 0.35, 0.2]
[0.4, 0.45, 0.45, 0.45, 0.45, 0.4, 0.65, 0.45, 0.55, 0.5, 0.5, 0.35, 0.4, 0.25, 0.5, 0.3, 0.55, 0.45, 0.4, 0.45, 0.45, 0.45, 0.5, 0.45, 0.45, 0.5]
[0.6, 0.5, 0.5, 0.35, 0.45, 0.55, 0.45, 0.55, 0.5, 0.55, 0.3, 0.45, 0.45, 0.45, 0.45, 0.15]
[0.45, 0.25, 0.35, 0.45, 0.1, 0.1, 0.15, 0.15, 0.2, 0.2, 0.05, 0.25, 0.15, 0.05, 0.25, 0.2, 0.1, 0.1]
[0.15, 0.2, 0.15, 0.15, 0.1, 0.1, 0.2, 0.75, 0.6, 0.55, 0.3, 0.65, 0.4, 0.45, 0.5, 0.65, 0.4, 0.7]
[0.8, 0.8, 0.75, 0.6, 0.5, 0.75, 0.45, 0.65, 0.65, 0.75, 0.65, 0.7, 1.0, 1.0, 1.0, 0.9, 1.0, 0.9, 0.95, 0.9, 0.95, 1.0, 1.0, 1.0, 1.0, 0.25, 0.3, 0.2, 1.0, 1.0, 1.0, 1.0, 1.0, 1.0, 1.0, 1.0, 1.0, 0.95, 1.0, 1.0, 0.95]
[0.25, 0.45, 0.55, 0.55, 0.45, 0.35, 0.5, 0.3, 0.425, 0.7, 0.65, 0.5, 0.65, 0.6, 0.7, 0.4, 0.5, 0.55, 0.55, 0.4, 0.55, 0.35, 0.8, 0.85, 0.6, 0.6, 0.85, 0.7, 1.0, 0.8, 0.65, 0.65, 0.85, 0.8, 0.8, 0.85, 0.75, 0.75, 0.8, 0.7, 0.6]
[0.4, 0.55, 0.35, 0.3, 0.4, 0.2, 0.35, 0.55, 0.4, 0.55, 0.5, 0.65, 0.6, 0.0, 0.25, 0.1, 0.25, 0.05, 0.05, 0.0, 0.1, 0.15, 0.25, 0.125, 0.15, 0.15, 0.3, 0.1, 0.05, 0.25, 0.1, 0.05, 0.15, 0.3, 0.15, 0.2, 0.05, 0.1, 0.15, 0.15, 0.1]
[0.45, 0.35, 0.45, 0.35, 0.4, 0.25, 0.35, 0.3, 1.0, 1.0, 1.0, 1.0, 1.0, 1.0, 1.0, 0.95, 1.0, 0.95, 0.95, 1.0, 1.0, 0.05, 0.1, 0.15, 0.15, 0.1, 0.1, 0.1, 0.15, 0.95, 1.0, 0.95, 0.9, 0.95, 0.85, 0.25, 0.2, 0.3, 0.45, 0.25, 0.35]
[0.75, 0.75, 0.7, 0.3, 0.65, 0.45, 0.6, 0.55, 0.5, 0.35, 0.4, 0.5, 0.35, 0.4, 0.35, 0.3, 0.5, 0.5, 0.45, 0.6, 0.6, 0.45, 0.4, 0.575, 0.45, 0.4, 0.4, 0.5, 0.55, 0.55, 0.45, 0.55, 0.475, 0.4, 0.25, 0.85, 1.0, 0.95, 0.95, 1.0, 0.95]
[0.5, 0.5, 0.6, 0.4, 0.3, 0.4, 0.45, 0.45, 0.3, 0.25, 0.55, 0.5, 0.5, 0.4, 0.55, 0.5, 0.35, 0.35, 0.4, 0.55, 0.5, 0.65, 0.35, 0.55, 0.75, 0.5, 0.75, 0.85, 0.7, 0.7, 0.85, 0.9, 0.8, 0.85, 0.7, 0.55, 0.75, 0.6, 0.7, 0.35, 0.45]
[0.25, 0.15, 0.25, 0.15, 0.15, 0.25, 0.0, 0.2, 0.2, 0.05, 0.2, 0.0, 0.15, 0.2, 0.15, 0.05, 0.05, 0.3, 0.2, 0.3, 0.15, 0.05, 0.15, 0.15, 0.3, 0.05, 0.2, 0.2, 0.35, 0.15, 0.15, 0.65, 0.65, 0.7, 0.4, 0.5, 0.45, 0.5, 0.65, 0.55, 0.65]
[0.8, 0.8, 0.95, 0.8, 0.75, 0.8, 0.9, 0.65, 0.7, 0.9, 0.9, 0.8, 1.0, 0.8, 0.9, 0.95, 1.0, 0.95, 0.95, 0.85, 0.9, 0.85, 0.7, 0.75, 0.6, 0.65, 0.6, 0.65, 0.9, 0.65, 0.6, 0.7, 0.9, 0.7, 0.75, 0.7, 0.65, 0.8, 0.65, 0.7, 0.6]
[0.25, 0.0, 0.15, 0.25, 0.2, 0.1, 0.2, 0.25, 0.3, 0.3, 0.5, 0.55, 0.55, 0.65, 0.65, 0.75, 0.55, 0.55, 0.9, 0.75, 0.8, 0.85, 0.95, 0.75, 0.9, 0.85, 0.9, 0.9, 0.85, 0.9, 0.85, 0.95, 0.85, 0.95, 0.9, 0.95, 0.8, 0.8, 0.85, 1.0, 0.85]
[0.5, 0.3, 0.4, 0.5, 0.25, 0.275, 0.275, 0.1, 0.225, 0.3, 0.15, 0.15, 0.2, 0.35, 0.45, 0.4, 0.2, 0.3, 0.25, 0.3, 0.45, 0.175, 0.325, 0.35, 0.2, 0.25, 0.175, 0.15, 0.2, 0.35, 0.15, 0.3, 0.3, 0.25, 0.2, 0.2, 0.3, 0.4, 0.35, 0.45, 0.35]
