[131072, 2]
[131072, 2]
[131072, 2]
[131072, 2]
[131072, 2]
[131072, 2]
[131072, 2]
[131072, 2]
[131072, 2]
[131072, 2]
[131072, 2]
[466803167375, 9]
[299987703112, 8]
[469784011971, 7]
[827511535357, 9]
[1052594475155, 4]
[191848530386, 8]
[726491384431, 9]
[114081907542, 7]
[93015106479, 9]
[305108754595, 6]
[949534578566, 9]
[196878260406, 6]
[643378123727, 6]
[687907354555, 4]
[225937929978, 8]
[840033020199, 7]
[480512691936, 3]
[936163711432, 2]
[360112695791, 4]
[174220090006, 8]
[872586873736, 8]
[49534292024, 5]
[784426715995, 9]
[490682973647, 3]
[1071107277510, 6]
[675724898035, 8]
[1083438091324, 7]
[534016723056, 4]
[870090661669, 2]
[332751703959, 7]
[234276216776, 9]
[85294225002, 2]
[309378174573, 8]
[658728465513, 6]
[553252089385, 4]
[259640473715, 2]
[516659354099, 8]
[436118322715, 9]
[279260042332, 2]
[1028756166091, 7]
[57746025586, 9]
[233575715030, 4]
[1029882935704, 6]
[394400635923, 9]
[745661859172, 9]
[457904085452, 2]
[659331734089, 8]
[65329679453, 5]
[752338522040, 6]
[506389780749, 2]
[674718680519, 4]
[424190894991, 9]
[104723571135, 8]
[70758525984, 7]
[1040346677007, 3]
[608664070316, 4]
[851056907476, 8]
[820521727140, 7]
[1049612518456, 9]
[469307296500, 5]
[991675971934, 4]
[313074254975, 4]
[1051852207630, 9]
[1064764803054, 8]
[109865901407, 5]
[1056176561810, 3]
[736988924549, 6]
[131072, 2]
[131072, 2]
[1099511627776, 2]
[1099511627776, 2]
[1099511627776, 2]
[1099511627776, 2]
[1099511627776, 2]
[1099511627776, 2]
[1099511627776, 2]
[1099511627776, 2]
[1099511627776, 2]
[1099511627776, 2]
